7 0.115625 0.2359375 0.090625 0.13125
3 0.4203125 0.1796875 0.0921875 0.13984375
2 0.853125 0.4171875 0.08203125 0.12109375
11 0.628125 0.26953125 0.09296875 0.14140625
10 0.8359375 0.221875 0.0921875 0.1390625
5 0.4875 0.3671875 0.0796875 0.0953125
5 0.36640625 0.8671875 0.07578125 0.0921875
6 0.628125 0.5546875 0.0609375 0.11484375
9 0.390625 0.4796875 0.10078125 0.15
8 0.2078125 0.759375 0.09609375 0.14140625
0 0.590625 0.8234375 0.0640625 0.21640625
1 0.80234375 0.6609375 0.0875 0.12109375
12 0.80546875 0.9 0.10078125 0.15