11 0.23203125 0.3015625 0.09609375 0.14375
11 0.35390625 0.475 0.0828125 0.1375
11 0.23203125 0.47109375 0.0875 0.1375
9 0.3578125 0.2984375 0.1046875 0.175
9 0.48203125 0.68671875 0.11796875 0.1609375
12 0.34609375 0.6671875 0.10390625 0.1640625
12 0.48671875 0.334375 0.109375 0.15859375
12 0.4796875 0.51328125 0.10859375 0.15625
1 0.60625 0.32578125 0.090625 0.1359375
1 0.615625 0.49609375 0.0890625 0.12734375
10 0.23046875 0.6609375 0.0859375 0.1328125
10 0.62265625 0.6765625 0.0890625 0.1328125