7 0.10703125 0.24921875 0.0953125 0.134375
3 0.409375 0.1828125 0.096875 0.14375
2 0.85 0.4046875 0.0859375 0.1234375
11 0.6203125 0.26484375 0.0984375 0.1453125
10 0.82578125 0.21015625 0.096875 0.1421875
5 0.4828125 0.36796875 0.0828125 0.0984375
5 0.3796875 0.871875 0.0796875 0.0953125
6 0.6296875 0.55 0.065625 0.1171875
9 0.38984375 0.48359375 0.10625 0.153125
8 0.2171875 0.76953125 0.1015625 0.1453125
0 0.6015625 0.8203125 0.071875 0.21875
1 0.8078125 0.65 0.0921875 0.1234375
12 0.81953125 0.8890625 0.10625 0.153125