9 0.56171875 0.51953125 0.109375 0.1515625
4 0.38984375 0.33984375 0.078125 0.1109375
2 0.46953125 0.22734375 0.0875 0.1234375
10 0.58515625 0.1703125 0.0921875 0.1375
7 0.7078125 0.26640625 0.0921875 0.1296875
12 0.74609375 0.40703125 0.1015625 0.1515625
6 0.75078125 0.54765625 0.0703125 0.115625
1 0.73671875 0.65703125 0.0859375 0.1203125
0 0.6609375 0.71953125 0.0734375 0.2140625
8 0.57109375 0.8296875 0.096875 0.1484375
11 0.43828125 0.76171875 0.0890625 0.1390625
5 0.375 0.65390625 0.06875 0.11875
3 0.36875 0.49765625 0.1 0.14375