8 0.79609375 0.62421875 0.1296875 0.16875
10 0.465625 0.5734375 0.1203125 0.1546875
1 0.62421875 0.6671875 0.109375 0.140625
0 0.54140625 0.22578125 0.165625 0.13125
11 0.3578125 0.6578125 0.1171875 0.14375
12 0.86953125 0.315625 0.1328125 0.1734375
7 0.2609375 0.5328125 0.11875 0.15625
4 0.73671875 0.46015625 0.084375 0.115625
6 0.3859375 0.1953125 0.0859375 0.1328125
5 0.31640625 0.209375 0.084375 0.13125
2 0.4515625 0.384375 0.1078125 0.1421875
3 0.56171875 0.421875 0.1234375 0.159375
9 0.73046875 0.2890625 0.1421875 0.1921875