7 0.0828125 0.2921875 0.1078125 0.1421875
3 0.3765625 0.19375 0.1109375 0.1515625
2 0.83828125 0.36875 0.0984375 0.13125
11 0.59453125 0.25390625 0.1125 0.153125
10 0.79375 0.178125 0.1109375 0.15
5 0.46875 0.3703125 0.0921875 0.10625
5 0.41875 0.88203125 0.0875 0.1015625
6 0.634375 0.5359375 0.0765625 0.121875
9 0.3890625 0.4953125 0.1203125 0.1625
8 0.246875 0.79765625 0.1140625 0.153125
0 0.634375 0.8078125 0.09375 0.2234375
1 0.821875 0.6171875 0.103125 0.1328125
12 0.8578125 0.85390625 0.1203125 0.1625