9 0.56015625 0.525 0.121875 0.159375
4 0.40390625 0.33046875 0.0875 0.115625
2 0.49375 0.22578125 0.096875 0.1296875
10 0.61328125 0.17890625 0.1046875 0.1453125
7 0.72734375 0.28515625 0.1015625 0.1359375
12 0.75390625 0.42890625 0.1140625 0.1578125
6 0.7453125 0.56953125 0.0796875 0.121875
1 0.72265625 0.6765625 0.0953125 0.1265625
0 0.64140625 0.7328125 0.090625 0.21875
8 0.5421875 0.83515625 0.1078125 0.1546875
11 0.415625 0.75546875 0.1 0.1453125
5 0.3625 0.6421875 0.078125 0.1234375
3 0.36953125 0.48671875 0.1109375 0.15