8 0.80234375 0.39140625 0.1234375 0.1640625
10 0.46953125 0.42421875 0.1140625 0.1515625
1 0.6328125 0.3390625 0.103125 0.1375
0 0.52734375 0.77578125 0.1609375 0.125
11 0.36640625 0.33515625 0.1109375 0.140625
12 0.859375 0.703125 0.1265625 0.1703125
7 0.2625 0.4546875 0.1125 0.153125
4 0.734375 0.55234375 0.0796875 0.1140625
6 0.3703125 0.7984375 0.08125 0.13125
5 0.3015625 0.78125 0.078125 0.1296875
2 0.4453125 0.6125 0.103125 0.1390625
3 0.5578125 0.58125 0.1171875 0.15625
9 0.71953125 0.72265625 0.134375 0.1890625