8 0.18359375 0.4453125 0.0984375 0.15
10 0.5171875 0.4203125 0.09140625 0.1375
1 0.34140625 0.36484375 0.0828125 0.125
0 0.52109375 0.7765625 0.14609375 0.1015625
11 0.603125 0.3140625 0.090625 0.1265625
12 0.18125 0.7625 0.10078125 0.1546875
7 0.72578125 0.4140625 0.0890625 0.1390625
4 0.278125 0.5921875 0.0625 0.1046875
6 0.6796875 0.77109375 0.06015625 0.12265625
5 0.74453125 0.7421875 0.05859375 0.12109375
2 0.5734375 0.6015625 0.08203125 0.12734375
3 0.45703125 0.58984375 0.09453125 0.1421875
9 0.32265625 0.75703125 0.10546875 0.1734375