9 0.5625 0.5171875 0.1046875 0.14765625
4 0.384375 0.34375 0.075 0.1078125
2 0.46015625 0.22890625 0.08359375 0.1203125
10 0.5734375 0.1671875 0.08828125 0.13515625
7 0.69921875 0.259375 0.0875 0.1265625
12 0.74296875 0.3984375 0.09609375 0.14765625
6 0.75234375 0.5390625 0.06640625 0.1140625
1 0.7421875 0.6484375 0.08203125 0.1171875
0 0.66875 0.7140625 0.065625 0.2125
8 0.5828125 0.82734375 0.09140625 0.1453125
11 0.44765625 0.7640625 0.084375 0.1359375
5 0.38046875 0.6578125 0.06484375 0.11640625
3 0.36875 0.50234375 0.09453125 0.13984375